80000001	01.04.2026	31.12.9999	1	0	0	0	0	0	0	0	0	
80000002	01.04.2026	31.12.9999	0	0	0	1	3	6	3	3	0	
80000003	01.04.2026	31.12.9999	0	0	1	0	3	3	1	0	0	
80000004	01.04.2026	31.12.9999	0	0	0	1	6	23	21	13	25	
80000011	01.04.2026	31.12.9999	0	0	0	1	5	21	6	7	28	
80000019	01.04.2026	31.12.9999	0	0	1	0	3	0	0	0	0	
80000020	01.04.2026	31.12.9999	0	0	0	1	6	17	9	25	2	
80000025	01.04.2026	31.12.9999	0	0	0	1	4	15	2	14	3	
80000026	01.04.2026	31.12.9999	0	0	0	1	4	14	2	3	4	
80000028	01.04.2026	31.12.9999	0	0	0	1	5	18	2	20	12	
80000029	01.04.2026	31.12.9999	0	0	0	1	4	15	1	14	7	
80000030	01.04.2026	31.12.9999	0	0	0	1	4	13	0	4	4	
80000031	01.04.2026	31.12.9999	0	0	1	0	3	0	0	0	0	
80000032	01.04.2026	31.12.9999	0	0	0	1	6	10	1	0	0	
80000033	01.04.2026	31.12.9999	0	0	0	1	4	5	3	0	0	
80000034	01.04.2026	31.12.9999	0	0	0	1	3	5	1	1	0	
80000035	01.04.2026	31.12.9999	0	1	0	0	2	4	0	0	0	
80000036	01.04.2026	31.12.9999	0	0	0	0	1	1	0	0	0	
80000037	01.04.2026	31.12.9999	0	0	0	1	3	11	1	1	0	
80000038	01.04.2026	31.12.9999	0	0	1	0	0	0	0	0	0	
80000039	01.04.2026	31.12.9999	0	0	0	1	4	2	1	1	0	
80000040	01.04.2026	31.12.9999	0	0	0	1	4	8	3	2	0	
80000042	01.04.2026	31.12.9999	0	0	1	0	0	0	0	0	0	
80000044	01.04.2026	31.12.9999	0	0	0	1	2	5	2	1	0	
80000045	01.04.2026	31.12.9999	0	0	0	1	4	11	2	1	0	
80000046	01.04.2026	31.12.9999	0	1	0	0	3	0	1	0	0	
80000047	01.04.2026	31.12.9999	0	0	0	0	1	2	0	1	1	
80000048	01.04.2026	31.12.9999	0	0	0	1	5	6	3	2	0	
80000049	01.04.2026	31.12.9999	0	0	1	0	0	0	0	0	0	
80000052	01.04.2026	31.12.9999	0	0	0	0	1	2	2	0	0	
80000054	01.04.2026	31.12.9999	0	0	0	1	0	0	0	1	0	
80000055	01.04.2026	31.12.9999	0	0	0	0	1	2	2	1	0	
80000056	01.04.2026	31.12.9999	0	0	0	0	1	3	2	11	1	
80000057	01.04.2026	31.12.9999	0	0	0	0	1	4	2	2	0	
80000058	01.04.2026	31.12.9999	0	0	0	0	1	3	0	1	2	
80000059	01.04.2026	31.12.9999	0	0	0	1	2	6	4	2	0	
80000062	01.04.2026	31.12.9999	0	0	0	0	1	1	2	1	0	
80000063	01.04.2026	31.12.9999	0	0	1	0	0	0	0	0	0	
80000069	01.04.2026	31.12.9999	0	0	0	0	1	3	1	1	0	
80000071	01.04.2026	31.12.9999	0	0	0	0	1	6	1	1	0	
80000073	01.04.2026	31.12.9999	0	0	0	0	1	3	5	0	0	
80000074	01.04.2026	31.12.9999	0	0	0	0	1	8	2	0	0	
80000075	01.04.2026	31.12.9999	0	0	0	1	4	9	2	1	0	
80000078	01.04.2026	31.12.9999	0	0	0	1	3	8	3	1	0	
80000079	01.04.2026	31.12.9999	0	1	0	1	6	3	4	0	0	
80000080	01.04.2026	31.12.9999	0	0	0	0	1	1	1	0	0	
80000081	01.04.2026	31.12.9999	0	0	0	1	1	0	1	1	3	
80000083	01.04.2026	31.12.9999	0	0	0	0	1	5	7	2	3	
80000084	01.04.2026	31.12.9999	0	0	0	0	1	4	6	0	2	
80000085	01.04.2026	31.12.9999	0	0	0	0	1	3	5	78	16	
80000091	01.04.2026	31.12.9999	0	0	1	0	0	31	30	0	0	
80000092	01.04.2026	31.12.9999	0	0	0	1	4	10	0	1	0	
80000093	01.04.2026	31.12.9999	0	0	0	1	3	6	3	1	0	
80000094	01.04.2026	31.12.9999	0	0	0	1	0	1	0	1	0	
80000095	01.04.2026	31.12.9999	0	0	0	0	1	3	2	2	1	
80000096	01.04.2026	31.12.9999	0	0	0	0	1	7	4	2	7	
80000097	01.04.2026	31.12.9999	0	0	0	0	1	1	1	0	8	
80000098	01.04.2026	31.12.9999	0	0	0	0	1	2	1	1	0	
80000099	01.04.2026	31.12.9999	0	0	0	1	4	7	6	5	8	
80000100	01.04.2026	31.12.9999	0	0	0	1	4	8	0	38	1	
80000101	01.04.2026	31.12.9999	0	0	0	1	6	11	7	1	0	
80000103	01.04.2026	31.12.9999	0	1	1	0	0	1	0	0	0	
80000105	01.04.2026	31.12.9999	0	0	0	1	4	7	5	1	1	
80000111	01.04.2026	31.12.9999	0	0	0	1	5	14	4	1	3	
80000117	01.04.2026	31.12.9999	0	0	0	0	0	0	0	0	0	
80000118	01.04.2026	31.12.9999	0	0	0	0	0	0	0	0	0	
80000121	01.04.2026	31.12.9999	0	0	0	0	0	0	0	0	0	
80000124	01.04.2026	31.12.9999	0	0	0	0	0	0	0	0	0	
80000135	01.04.2026	31.12.9999	0	0	0	0	0	0	0	0	0	
80000140	01.04.2026	31.12.9999	0	0	0	0	0	0	0	0	0	
80000141	01.04.2026	31.12.9999	0	1	2	2	33	51	38	0	0	
80000142	01.04.2026	31.12.9999	0	0	0	0	0	0	0	0	0	
80000143	01.04.2026	31.12.9999	0	1	2	1	1	0	0	0	0	
80000145	01.04.2026	31.12.9999	0	0	1	2	0	0	0	0	0	
80000146	01.04.2026	31.12.9999	0	0	1	1	1	0	1	0	0	
80000147	01.04.2026	31.12.9999	0	0	0	0	1	0	0	0	0	
80000148	01.04.2026	31.12.9999	0	0	1	1	0	0	0	0	0	
80000150	01.04.2026	31.12.9999	0	0	1	3	10	0	0	0	0	
80000152	01.04.2026	31.12.9999	0	0	0	0	0	0	0	0	0	
80000153	01.04.2026	31.12.9999	0	0	0	0	0	0	0	0	0	
80000154	01.04.2026	31.12.9999	0	1	2	1	2	0	0	0	0	
80000162	01.04.2026	31.12.9999	0	0	0	0	0	0	0	0	0	
80000164	01.04.2026	31.12.9999	0	1	2	0	1	0	0	0	0	
80000165	01.04.2026	31.12.9999	0	0	0	0	0	0	0	0	0	
80000166	01.04.2026	31.12.9999	0	0	0	0	0	0	0	0	0	
80000167	01.04.2026	31.12.9999	0	0	0	0	0	0	0	0	0	
80000169	01.04.2026	31.12.9999	0	0	1	4	8	1	0	0	0	
80000170	01.04.2026	31.12.9999	0	0	0	0	0	0	0	0	0	
80000171	01.04.2026	31.12.9999	0	0	0	0	0	0	0	0	0	
80000174	01.04.2026	31.12.9999	0	0	0	0	0	0	0	0	0	
80000175	01.04.2026	31.12.9999	0	0	1	2	7	3	1	0	0	
80000176	01.04.2026	31.12.9999	0	0	1	5	12	5	1	0	0	
80000177	01.04.2026	31.12.9999	0	0	0	0	0	0	0	0	0	
80000179	01.04.2026	31.12.9999	0	0	0	0	0	0	0	0	0	
80000180	01.04.2026	31.12.9999	0	0	0	2	3	0	0	0	0	
80000182	01.04.2026	31.12.9999	0	1	0	0	1	1	0	0	0	
80000184	01.04.2026	31.12.9999	0	0	0	1	5	9	5	1	0	
80000378	01.04.2026	31.12.9999	0	0	0	0	1	2	1	2	0	
80000384	01.04.2026	31.12.9999	0	0	0	1	3	8	3	1	0	
80000396	01.04.2026	31.12.9999	0	1	0	0	0	9	1	1	0	
80000397	01.04.2026	31.12.9999	0	0	0	0	1	2	1	2	1	
80000399	01.04.2026	31.12.9999	0	0	0	1	3	5	2	1	0	
80000404	01.04.2026	31.12.9999	0	0	1	0	0	0	0	0	0	
80000405	01.04.2026	31.12.9999	0	0	0	1	6	9	9	3	1	
80000407	01.04.2026	31.12.9999	0	0	0	1	5	8	3	2	0	
80000408	01.04.2026	31.12.9999	0	0	0	1	3	8	5	3	0	
80000409	01.04.2026	31.12.9999	0	1	0	2	1	2	0	1	0	
80000410	01.04.2026	31.12.9999	0	0	1	0	0	0	0	1	0	
80000411	01.04.2026	31.12.9999	0	1	0	0	0	1	0	0	0	
80000412	01.04.2026	31.12.9999	0	0	0	0	1	5	5	1	0	
80000414	01.04.2026	31.12.9999	0	0	0	0	1	2	3	0	0	
80000416	01.04.2026	31.12.9999	0	0	1	1	6	7	8	1	0	
80000430	01.04.2026	31.12.9999	0	0	0	0	0	0	0	0	0	
80000431	01.04.2026	31.12.9999	0	0	0	0	0	0	0	0	0	
80000432	01.04.2026	31.12.9999	0	0	0	0	0	0	0	0	0	
80000433	01.04.2026	31.12.9999	0	0	0	0	0	0	0	0	0	
80000434	01.04.2026	31.12.9999	0	0	0	0	0	0	0	0	0	
80000435	01.04.2026	31.12.9999	0	0	0	0	0	0	0	0	0	
80000436	01.04.2026	31.12.9999	0	0	0	0	0	0	0	0	0	
80000437	01.04.2026	31.12.9999	0	0	0	0	0	0	0	0	0	
80000438	01.04.2026	31.12.9999	0	0	0	0	0	0	0	0	0	
80000464	01.04.2026	31.12.9999	0	0	0	1	0	0	0	0	4	
80000466	01.04.2026	31.12.9999	0	0	0	0	1	6	7	0	0	
80000494	01.04.2026	31.12.9999	0	0	0	1	4	6	8	0	40	
80000495	01.04.2026	31.12.9999	0	0	0	1	5	9	4	0	14	
80000496	01.04.2026	31.12.9999	0	0	1	0	0	0	0	0	0	
80000497	01.04.2026	31.12.9999	0	0	0	1	7	11	5	3	0	
80000498	01.04.2026	31.12.9999	0	0	0	1	5	9	7	1	18	
80000500	01.04.2026	31.12.9999	0	0	1	0	0	0	0	0	0	
80000506	01.04.2026	31.12.9999	0	0	0	1	4	6	4	1	0	
80000510	01.04.2026	31.12.9999	0	0	1	0	0	0	0	0	0	
80000511	01.04.2026	31.12.9999	0	0	0	1	0	0	0	1	0	
80000512	01.04.2026	31.12.9999	0	0	0	0	3	5	6	2	5	
80000514	01.04.2026	31.12.9999	0	0	0	0	1	2	2	2	0	
80000515	01.04.2026	31.12.9999	0	0	0	0	1	3	4	0	0	
80000516	01.04.2026	31.12.9999	0	0	0	0	1	3	3	1	0	
80000517	01.04.2026	31.12.9999	0	0	0	0	1	1	2	0	0	
80000518	01.04.2026	31.12.9999	0	0	0	0	1	1	2	0	0	
80000519	01.04.2026	31.12.9999	0	0	0	0	1	1	2	0	0	
80000520	01.04.2026	31.12.9999	0	0	0	0	1	1	2	0	0	
80000521	01.04.2026	31.12.9999	0	0	0	0	2	4	1	0	1	
80000522	01.04.2026	31.12.9999	0	0	0	0	1	5	7	32	3	
80000523	01.04.2026	31.12.9999	0	0	0	0	1	3	5	1	7	
80000524	01.04.2026	31.12.9999	0	0	0	1	0	0	0	1	0	
80000525	01.04.2026	31.12.9999	0	0	0	0	1	0	0	26	3	
80000526	01.04.2026	31.12.9999	0	0	0	0	1	5	5	0	0	
80000527	01.04.2026	31.12.9999	0	0	0	0	1	6	12	0	0	
80000528	01.04.2026	31.12.9999	0	0	0	0	1	0	0	24	6	
80000529	01.04.2026	31.12.9999	0	0	0	0	1	3	5	0	0	
80000530	01.04.2026	31.12.9999	0	0	0	0	0	1	1	0	0	
80000531	01.04.2026	31.12.9999	0	0	0	0	1	4	8	0	0	
80000532	01.04.2026	31.12.9999	0	0	0	0	1	0	0	14	0	
80000533	01.04.2026	31.12.9999	0	0	0	0	0	3	3	0	0	
80000534	01.04.2026	31.12.9999	0	0	0	0	0	1	1	0	0	
80000535	01.04.2026	31.12.9999	0	0	0	0	1	5	9	0	0	
80000536	01.04.2026	31.12.9999	0	0	0	0	1	0	0	7	0	
80000537	01.04.2026	31.12.9999	0	0	0	0	0	4	2	0	0	
80000538	01.04.2026	31.12.9999	0	0	0	0	0	2	0	0	0	
80000539	01.04.2026	31.12.9999	0	0	0	1	0	0	0	0	0	
80000540	01.04.2026	31.12.9999	0	0	0	0	1	0	0	29	0	
80000541	01.04.2026	31.12.9999	0	0	0	0	1	3	6	0	0	
80000542	01.04.2026	31.12.9999	0	0	0	0	0	2	0	0	0	
80000543	01.04.2026	31.12.9999	0	0	0	0	1	5	5	0	0	
80000544	01.04.2026	31.12.9999	0	0	0	0	1	0	0	12	0	
80000545	01.04.2026	31.12.9999	0	0	0	0	0	4	5	0	0	
80000546	01.04.2026	31.12.9999	0	0	0	0	0	1	1	0	0	
80000547	01.04.2026	31.12.9999	0	0	0	0	1	1	0	23	0	
80000548	01.04.2026	31.12.9999	0	0	0	0	0	3	4	0	0	
80000549	01.04.2026	31.12.9999	0	0	0	0	0	2	1	0	0	
80000550	01.04.2026	31.12.9999	0	0	0	0	1	4	9	0	0	
80000551	01.04.2026	31.12.9999	0	0	0	0	1	1	0	27	0	
80000552	01.04.2026	31.12.9999	0	0	0	0	0	2	2	0	0	
80000553	01.04.2026	31.12.9999	0	0	0	0	0	2	0	0	0	
80000554	01.04.2026	31.12.9999	0	0	0	0	1	5	10	0	0	
80000555	01.04.2026	31.12.9999	0	0	0	1	0	2	0	1	0	
80000556	01.04.2026	31.12.9999	0	0	0	0	1	1	2	0	0	
80000557	01.04.2026	31.12.9999	0	0	0	0	1	9	29	0	0	
80000558	01.04.2026	31.12.9999	0	0	0	0	1	8	9	1	0	
80000559	01.04.2026	31.12.9999	0	0	0	1	0	0	0	0	0	
80000560	01.04.2026	31.12.9999	0	0	0	0	1	7	5	0	4	
80000561	01.04.2026	31.12.9999	0	0	0	0	1	7	7	5	1	
80000562	01.04.2026	31.12.9999	0	0	0	0	1	7	3	2	3	
80000563	01.04.2026	31.12.9999	0	0	1	0	0	0	0	0	0	
80000564	01.04.2026	31.12.9999	0	0	0	0	1	6	11	4	0	
80000571	01.04.2026	31.12.9999	0	0	0	1	0	1	0	0	0	
80000572	01.04.2026	31.12.9999	0	0	0	0	1	0	0	3	0	
80000573	01.04.2026	31.12.9999	0	0	0	0	0	2	6	0	0	
80000574	01.04.2026	31.12.9999	0	0	0	0	0	2	6	0	0	
80000575	01.04.2026	31.12.9999	0	0	0	0	0	2	6	0	0	
80000576	01.04.2026	31.12.9999	0	0	0	0	0	2	6	0	0	
80000577	01.04.2026	31.12.9999	0	0	0	0	1	0	0	5	0	
80000578	01.04.2026	31.12.9999	0	0	0	0	1	4	13	0	0	
80000579	01.04.2026	31.12.9999	0	0	0	0	1	4	13	0	0	
80000580	01.04.2026	31.12.9999	0	0	0	0	1	4	13	0	0	
80000581	01.04.2026	31.12.9999	0	0	0	0	1	4	13	0	0	
80000582	01.04.2026	31.12.9999	0	0	0	1	0	0	0	0	0	
80000583	01.04.2026	31.12.9999	0	0	0	0	1	2	4	12	0	
80000584	01.04.2026	31.12.9999	0	0	0	0	1	0	0	4	0	
80000585	01.04.2026	31.12.9999	0	0	0	0	0	2	3	0	0	
80000586	01.04.2026	31.12.9999	0	0	0	0	0	2	3	0	0	
80000587	01.04.2026	31.12.9999	0	0	0	0	0	2	3	0	0	
80000588	01.04.2026	31.12.9999	0	0	0	0	0	2	3	0	0	
80000589	01.04.2026	31.12.9999	0	0	0	0	0	1	0	0	0	
80000590	01.04.2026	31.12.9999	0	0	0	0	1	0	0	13	0	
80000591	01.04.2026	31.12.9999	0	0	0	0	0	1	7	0	0	
80000592	01.04.2026	31.12.9999	0	0	0	0	0	1	7	0	0	
80000593	01.04.2026	31.12.9999	0	0	0	0	0	3	4	0	0	
80000594	01.04.2026	31.12.9999	0	0	0	1	0	0	0	1	0	
80000595	01.04.2026	31.12.9999	0	0	0	0	1	4	1	2	1	
80000596	01.04.2026	31.12.9999	0	0	0	0	1	2	2	0	0	
80000597	01.04.2026	31.12.9999	0	0	0	1	0	0	0	0	0	
80000598	01.04.2026	31.12.9999	0	0	0	0	1	2	3	1	0	
80000599	01.04.2026	31.12.9999	0	0	0	0	2	8	6	1	0	
80000600	01.04.2026	31.12.9999	0	0	0	0	2	12	31	16	0	
80000601	01.04.2026	31.12.9999	0	0	0	0	2	5	7	0	0	
80000602	01.04.2026	31.12.9999	0	0	0	0	1	4	9	0	0	
80000603	01.04.2026	31.12.9999	0	0	0	0	1	9	25	12	0	
80000604	01.04.2026	31.12.9999	0	0	0	0	2	12	27	15	0	
80000605	01.04.2026	31.12.9999	0	0	0	1	0	0	0	0	0	
80000606	01.04.2026	31.12.9999	0	0	0	0	2	7	2	1	0	
80000607	01.04.2026	31.12.9999	0	0	0	0	1	4	8	8	0	
80000608	01.04.2026	31.12.9999	0	0	0	0	2	4	4	3	0	
80000609	01.04.2026	31.12.9999	0	0	0	0	1	3	3	0	0	
80000610	01.04.2026	31.12.9999	0	0	0	1	0	1	0	0	0	
80000611	01.04.2026	31.12.9999	0	0	0	0	1	0	0	4	0	
80000612	01.04.2026	31.12.9999	0	0	0	0	1	2	5	0	0	
80000613	01.04.2026	31.12.9999	0	0	0	0	1	2	5	0	0	
80000614	01.04.2026	31.12.9999	0	0	0	0	1	2	5	0	0	
80000615	01.04.2026	31.12.9999	0	0	0	0	1	2	5	0	0	
80000616	01.04.2026	31.12.9999	0	0	0	0	1	0	0	4	0	
80000617	01.04.2026	31.12.9999	0	0	0	0	1	2	7	0	0	
80000618	01.04.2026	31.12.9999	0	0	0	0	1	2	7	0	0	
80000619	01.04.2026	31.12.9999	0	0	0	0	1	2	7	0	0	
80000620	01.04.2026	31.12.9999	0	0	0	0	1	2	7	0	0	
80000621	01.04.2026	31.12.9999	0	0	0	1	0	1	0	0	0	
80000622	01.04.2026	31.12.9999	0	0	0	0	1	2	3	3	0	
80000623	01.04.2026	31.12.9999	0	0	0	0	1	0	0	2	0	
80000624	01.04.2026	31.12.9999	0	0	0	0	0	2	5	0	0	
80000625	01.04.2026	31.12.9999	0	0	0	0	0	2	5	0	0	
80000626	01.04.2026	31.12.9999	0	0	0	0	0	2	5	0	0	
80000627	01.04.2026	31.12.9999	0	0	0	0	0	2	5	0	0	
80000628	01.04.2026	31.12.9999	0	0	0	0	1	0	0	3	0	
80000629	01.04.2026	31.12.9999	0	0	0	0	0	2	4	0	0	
80000630	01.04.2026	31.12.9999	0	0	0	0	0	2	4	0	0	
80000631	01.04.2026	31.12.9999	0	0	0	0	0	2	4	0	0	
80000632	01.04.2026	31.12.9999	0	0	0	0	0	2	4	0	0	
80000633	01.04.2026	31.12.9999	0	0	0	1	0	0	0	0	0	
80000634	01.04.2026	31.12.9999	0	0	0	0	1	2	7	11	0	
80000635	01.04.2026	31.12.9999	0	0	0	0	1	3	10	91	0	
80000636	01.04.2026	31.12.9999	0	0	0	0	1	0	0	0	0	
80000637	01.04.2026	31.12.9999	0	0	0	0	0	4	5	2	0	
80000638	01.04.2026	31.12.9999	0	0	0	0	0	3	5	4	0	
80000639	01.04.2026	31.12.9999	0	0	0	0	1	4	6	18	0	
80000640	01.04.2026	31.12.9999	0	0	1	0	0	0	0	0	0	
80000644	01.04.2026	31.12.9999	0	0	0	1	0	0	0	1	0	
80000645	01.04.2026	31.12.9999	0	0	0	0	2	3	0	2	0	
80000646	01.04.2026	31.12.9999	0	0	0	0	1	2	1	2	0	
80000647	01.04.2026	31.12.9999	0	0	0	0	1	2	3	3	0	
80000648	01.04.2026	31.12.9999	0	0	0	1	0	0	0	0	0	
80000649	01.04.2026	31.12.9999	0	0	0	0	1	4	3	5	0	
80000650	01.04.2026	31.12.9999	0	0	0	0	1	2	4	7	0	
80000652	01.04.2026	31.12.9999	0	0	0	0	1	5	6	0	51	
80000653	01.04.2026	31.12.9999	0	0	0	1	0	0	0	1	0	
80000654	01.04.2026	31.12.9999	0	0	0	0	2	6	5	3	0	
80000655	01.04.2026	31.12.9999	0	0	0	0	2	4	2	21	9	
80000656	01.04.2026	31.12.9999	0	0	0	0	1	2	3	0	14	
80000657	01.04.2026	31.12.9999	0	0	0	1	0	0	0	0	168	
80000658	01.04.2026	31.12.9999	0	0	0	0	1	3	4	0	0	
80000659	01.04.2026	31.12.9999	0	0	0	0	1	3	2	0	0	
80000660	01.04.2026	31.12.9999	0	0	0	0	1	3	8	0	34	
80000661	01.04.2026	31.12.9999	0	0	1	0	0	0	0	0	0	
80000663	01.04.2026	31.12.9999	0	0	0	1	0	0	0	0	0	
80000664	01.04.2026	31.12.9999	0	0	0	0	1	5	3	1	0	
80000665	01.04.2026	31.12.9999	0	0	0	0	1	4	1	0	0	
80000666	01.04.2026	31.12.9999	0	0	0	0	1	3	3	1	0	
80000667	01.04.2026	31.12.9999	0	0	0	1	0	0	0	2	0	
80000668	01.04.2026	31.12.9999	0	0	0	0	2	4	4	0	0	
80000669	01.04.2026	31.12.9999	0	0	0	0	2	6	3	0	8	
80000670	01.04.2026	31.12.9999	0	0	0	0	1	3	3	0	0	
80000671	01.04.2026	31.12.9999	0	0	0	0	1	1	1	0	0	
80000677	01.04.2026	31.12.9999	0	1	1	1	1	0	0	0	0	
80000678	01.04.2026	31.12.9999	0	0	0	0	0	0	0	0	0	
80000679	01.04.2026	31.12.9999	0	0	1	2	4	0	0	0	0	
80000688	01.04.2026	31.12.9999	0	0	0	0	1	2	4	4	5	
80000691	01.04.2026	31.12.9999	0	0	0	0	1	0	0	0	0	
80000692	01.04.2026	31.12.9999	0	0	0	0	0	0	0	0	0	
80000706	01.04.2026	31.12.9999	0	0	0	0	0	0	0	0	0	
80000707	01.04.2026	31.12.9999	0	0	0	0	0	0	0	0	0	
80000708	01.04.2026	31.12.9999	0	0	0	0	0	0	0	0	0	
80000709	01.04.2026	31.12.9999	0	0	0	0	0	0	0	0	0	
80000727	01.04.2026	31.12.9999	0	0	0	0	1	0	0	19	0	
80000728	01.04.2026	31.12.9999	0	0	0	0	0	4	4	0	0	
80000729	01.04.2026	31.12.9999	0	0	0	0	1	2	6	0	0	
80000730	01.04.2026	31.12.9999	0	0	0	0	0	2	0	0	0	
80000732	01.04.2026	31.12.9999	0	0	0	0	1	1	0	22	5	
80000733	01.04.2026	31.12.9999	0	0	0	0	0	3	3	0	0	
80000734	01.04.2026	31.12.9999	0	0	0	0	1	5	7	0	0	
80000735	01.04.2026	31.12.9999	0	0	0	0	0	2	0	0	0	
80000802	01.04.2026	31.12.9999	0	0	0	0	0	0	0	0	0	
80000832	01.04.2026	31.12.9999	0	0	0	1	3	7	3	2	0	
80000835	01.04.2026	31.12.9999	0	0	0	1	3	7	2	2	0	
80000836	01.04.2026	31.12.9999	0	2	2	2	1	1	0	0	0	
80000843	01.04.2026	31.12.9999	0	0	0	0	0	0	0	0	0	
80000855	01.04.2026	31.12.9999	0	0	0	0	0	0	0	0	0	
80000856	01.04.2026	31.12.9999	0	0	0	1	0	0	0	1	0	
80000857	01.04.2026	31.12.9999	0	0	0	0	3	6	4	3	0	
80000858	01.04.2026	31.12.9999	0	0	0	0	1	5	4	1	4	
80000867	01.04.2026	31.12.9999	0	0	0	1	4	3	2	1	1	
80000868	01.04.2026	31.12.9999	0	0	0	1	3	5	2	1	1	
80000869	01.04.2026	31.12.9999	0	0	0	1	3	8	3	2	3	
80000927	01.04.2026	31.12.9999	0	0	0	0	0	0	0	0	0	
80000944	01.04.2026	31.12.9999	0	0	0	0	0	0	0	0	0	
80000945	01.04.2026	31.12.9999	0	0	0	0	0	0	0	0	0	
80000946	01.04.2026	31.12.9999	0	0	0	0	0	0	0	0	0	
80000947	01.04.2026	31.12.9999	0	0	0	0	0	0	0	0	0	
80000948	01.04.2026	31.12.9999	0	0	0	0	1	4	4	0	0	
80000959	01.04.2026	31.12.9999	0	0	0	0	0	0	0	0	0	
80000960	01.04.2026	31.12.9999	0	1	2	6	11	0	0	0	0	
80000962	01.04.2026	31.12.9999	0	0	1	0	0	0	0	1	0	
80000965	01.04.2026	31.12.9999	0	0	0	0	1	4	3	2	0	
80000967	01.04.2026	31.12.9999	0	0	0	0	1	3	1	1	0	
80000968	01.04.2026	31.12.9999	0	0	0	0	1	2	1	1	0	
80000969	01.04.2026	31.12.9999	0	0	0	1	4	6	3	1	0	
80000970	01.04.2026	31.12.9999	0	0	0	0	1	2	1	1	2	
80000973	01.04.2026	31.12.9999	0	0	0	1	1	2	1	1	0	
80000995	01.04.2026	31.12.9999	0	0	0	1	3	3	2	0	5	
80001027	01.04.2026	31.12.9999	0	0	0	0	0	0	0	0	0	
80001127	01.04.2026	31.12.9999	0	0	0	0	0	0	0	0	0	
80001128	01.04.2026	31.12.9999	0	0	0	0	0	0	0	0	0	
80001129	01.04.2026	31.12.9999	0	0	0	0	0	0	0	0	0	
80001130	01.04.2026	31.12.9999	0	0	0	0	0	0	0	0	0	
80001214	01.04.2026	31.12.9999	0	0	1	0	0	0	0	0	0	
80001215	01.04.2026	31.12.9999	0	0	0	1	3	2	0	1	0	
80001216	01.04.2026	31.12.9999	0	0	0	1	5	7	4	2	0	
80001227	01.04.2026	31.12.9999	0	0	0	0	1	1	0	18	0	
80001228	01.04.2026	31.12.9999	0	0	0	0	0	3	3	0	0	
80001229	01.04.2026	31.12.9999	0	0	0	0	1	2	10	0	0	
80001230	01.04.2026	31.12.9999	0	0	0	0	0	2	0	0	0	
80001232	01.04.2026	31.12.9999	0	0	0	0	1	4	1	0	2	
80001233	01.04.2026	31.12.9999	0	1	0	0	6	1	0	0	0	
80001234	01.04.2026	31.12.9999	0	0	1	0	0	0	0	0	0	
80001235	01.04.2026	31.12.9999	0	0	0	1	5	7	5	2	0	
80001236	01.04.2026	31.12.9999	0	0	0	1	4	12	0	1	0	
80001237	01.04.2026	31.12.9999	0	0	1	0	0	0	0	0	0	
80001239	01.04.2026	31.12.9999	0	0	0	0	0	0	0	0	0	
80001241	01.04.2026	31.12.9999	0	0	0	0	0	0	0	0	0	
80001252	01.04.2026	31.12.9999	0	0	1	0	0	0	0	0	0	
80001255	01.04.2026	31.12.9999	0	0	0	1	0	0	0	1	0	
80001256	01.04.2026	31.12.9999	0	0	0	0	1	3	0	1	0	
80001257	01.04.2026	31.12.9999	0	0	0	1	0	0	0	3	0	
80001258	01.04.2026	31.12.9999	0	0	0	0	1	2	1	1	0	
80001259	01.04.2026	31.12.9999	0	0	0	1	2	4	2	1	0	
80001260	01.04.2026	31.12.9999	0	0	1	0	0	0	0	0	0	
80001262	01.04.2026	31.12.9999	0	0	0	0	1	2	3	2	0	
80001264	01.04.2026	31.12.9999	0	0	0	0	1	3	1	1	0	
80001266	01.04.2026	31.12.9999	0	0	0	1	0	0	0	1	0	
80001267	01.04.2026	31.12.9999	0	0	0	0	1	2	1	1	0	
80001268	01.04.2026	31.12.9999	0	0	0	0	1	1	0	3	0	
80001277	01.04.2026	31.12.9999	0	0	0	0	2	1	0	0	0	
80001327	01.04.2026	31.12.9999	0	0	0	0	0	0	0	0	0	
80001357	01.04.2026	31.12.9999	0	0	0	1	2	0	0	2	0	
80001358	01.04.2026	31.12.9999	0	0	0	0	1	8	0	0	0	
80001359	01.04.2026	31.12.9999	0	0	0	1	0	0	0	0	23	
80001360	01.04.2026	31.12.9999	0	0	0	0	0	3	0	0	0	
80001361	01.04.2026	31.12.9999	0	0	0	0	0	0	0	0	0	
80001362	01.04.2026	31.12.9999	0	0	0	0	0	1	2	0	0	
80001363	01.04.2026	31.12.9999	0	0	0	0	1	1	0	0	0	
80001364	01.04.2026	31.12.9999	0	0	0	0	0	0	0	0	0	
80001365	01.04.2026	31.12.9999	0	0	0	0	0	0	0	0	0	
80001366	01.04.2026	31.12.9999	0	0	0	0	0	0	0	0	0	
80001367	01.04.2026	31.12.9999	0	0	0	0	0	0	0	0	0	
80001377	01.04.2026	31.12.9999	0	0	0	0	0	0	0	0	0	
80001402	01.04.2026	31.12.9999	0	0	0	1	4	5	2	0	0	
80001403	01.04.2026	31.12.9999	0	0	0	1	2	2	0	0	0	
80001404	01.04.2026	31.12.9999	0	0	0	1	4	8	8	0	3	
80001405	01.04.2026	31.12.9999	0	0	0	0	1	2	1	0	0	
80001427	01.04.2026	31.12.9999	0	0	0	1	2	7	5	2	0	
80001429	01.04.2026	31.12.9999	0	0	0	1	3	4	1	1	0	
80001430	01.04.2026	31.12.9999	0	0	0	1	3	3	0	0	0	
80001502	01.04.2026	31.12.9999	0	0	0	1	4	3	1	1	0	
80001503	01.04.2026	31.12.9999	0	0	0	1	0	0	0	2	1	
80001504	01.04.2026	31.12.9999	0	0	0	0	1	3	2	0	0	
80001505	01.04.2026	31.12.9999	0	0	0	0	1	2	0	0	0	
80001506	01.04.2026	31.12.9999	0	0	0	0	1	2	1	1	0	
80001508	01.04.2026	31.12.9999	0	1	0	2	3	4	0	2	0	
80001509	01.04.2026	31.12.9999	0	0	0	0	0	0	0	0	0	
80001537	01.04.2026	31.12.9999	0	0	1	3	5	3	0	0	0	
80001538	01.04.2026	31.12.9999	0	0	0	0	1	0	0	0	0	
80001539	01.04.2026	31.12.9999	0	0	0	1	3	5	4	1	2	
80001542	01.04.2026	31.12.9999	0	0	1	0	0	0	0	0	0	
80001543	01.04.2026	31.12.9999	0	0	0	1	3	5	1	0	1	
80001544	01.04.2026	31.12.9999	0	0	0	1	3	3	2	0	9	
80001545	01.04.2026	31.12.9999	0	0	0	0	1	6	2	0	15	
80001552	01.04.2026	31.12.9999	0	0	0	1	0	0	0	0	0	
80001553	01.04.2026	31.12.9999	0	0	0	0	0	0	0	0	0	
80001554	01.04.2026	31.12.9999	0	0	0	0	0	0	0	0	0	
80001555	01.04.2026	31.12.9999	0	0	0	0	0	0	0	0	0	
80001556	01.04.2026	31.12.9999	0	0	0	1	4	11	1	1	1	
80001557	01.04.2026	31.12.9999	0	0	0	1	2	4	2	0	12	
80001558	01.04.2026	31.12.9999	0	0	0	0	1	6	3	0	0	
80001559	01.04.2026	31.12.9999	0	0	0	0	1	3	4	0	0	
80001560	01.04.2026	31.12.9999	0	0	0	0	1	10	4	0	1	
80001561	01.04.2026	31.12.9999	0	0	0	0	1	3	5	8	2	
80001562	01.04.2026	31.12.9999	0	0	0	0	1	4	4	10	4	
80001563	01.04.2026	31.12.9999	0	0	0	0	1	2	2	1	0	
80001564	01.04.2026	31.12.9999	0	0	0	0	0	1	0	2	0	
80001566	01.04.2026	31.12.9999	0	0	0	1	0	0	0	1	0	
80001568	01.04.2026	31.12.9999	0	0	0	0	1	1	0	0	0	
80001595	01.04.2026	31.12.9999	0	0	0	0	0	0	0	0	0	
80001603	01.04.2026	31.12.9999	0	0	0	1	0	0	0	1	0	
80001604	01.04.2026	31.12.9999	0	0	0	0	1	1	1	0	0	
80001605	01.04.2026	31.12.9999	0	0	0	0	1	2	4	0	0	
80001606	01.04.2026	31.12.9999	0	0	0	0	1	0	0	0	0	
80001607	01.04.2026	31.12.9999	0	0	0	0	0	1	1	0	0	
80001608	01.04.2026	31.12.9999	0	0	0	0	0	1	1	0	0	
80001609	01.04.2026	31.12.9999	0	0	0	0	0	1	1	0	0	
80001610	01.04.2026	31.12.9999	0	0	0	0	0	1	1	0	0	
80001611	01.04.2026	31.12.9999	0	0	0	0	1	1	0	14	3	
80001612	01.04.2026	31.12.9999	0	0	0	0	0	2	9	0	0	
80001613	01.04.2026	31.12.9999	0	0	0	0	0	3	6	0	0	
80001614	01.04.2026	31.12.9999	0	0	0	0	1	0	0	10	0	
80001615	01.04.2026	31.12.9999	0	0	0	0	0	3	2	0	0	
80001616	01.04.2026	31.12.9999	0	0	0	0	1	3	1	0	0	
80001617	01.04.2026	31.12.9999	0	0	0	0	0	1	1	0	0	
80001618	01.04.2026	31.12.9999	0	0	0	0	1	2	1	0	0	
80001619	01.04.2026	31.12.9999	0	0	0	0	1	4	1	1	1	
80001620	01.04.2026	31.12.9999	0	0	0	1	3	0	0	0	0	
80001627	01.04.2026	31.12.9999	0	0	0	0	1	4	7	0	3	
80001628	01.04.2026	31.12.9999	0	0	0	0	0	0	0	0	0	
80001629	01.04.2026	31.12.9999	0	0	0	0	0	0	0	0	0	
80001630	01.04.2026	31.12.9999	0	0	0	0	0	0	0	0	0	
80001653	01.04.2026	31.12.9999	0	0	1	0	0	0	0	0	0	
80001654	01.04.2026	31.12.9999	0	0	1	0	4	3	0	0	0	
80001655	01.04.2026	31.12.9999	0	0	0	1	3	3	2	1	1	
80001656	01.04.2026	31.12.9999	0	0	0	1	2	5	2	1	0	
80001658	01.04.2026	31.12.9999	0	0	0	1	2	1	2	12	11	
80001659	01.04.2026	31.12.9999	0	0	0	0	0	0	0	0	0	
80001660	01.04.2026	31.12.9999	0	0	0	0	0	0	0	0	0	
80001661	01.04.2026	31.12.9999	0	0	0	0	0	0	0	0	0	
80001662	01.04.2026	31.12.9999	0	0	0	1	5	12	6	2	3	
80001663	01.04.2026	31.12.9999	0	0	0	1	3	9	4	3	3	
80001702	01.04.2026	31.12.9999	0	0	0	1	4	6	2	0	1	
80001703	01.04.2026	31.12.9999	0	0	0	1	3	6	3	0	1	
80001704	01.04.2026	31.12.9999	0	0	0	0	1	2	0	0	0	
80001705	01.04.2026	31.12.9999	0	0	1	0	0	0	0	0	0	
80001727	01.04.2026	31.12.9999	0	0	0	0	1	1	0	0	0	
80001728	01.04.2026	31.12.9999	0	0	0	0	0	0	0	0	0	
80001729	01.04.2026	31.12.9999	0	0	0	0	0	0	0	0	0	
80001730	01.04.2026	31.12.9999	0	0	0	1	0	0	0	0	0	
80001731	01.04.2026	31.12.9999	0	0	0	1	0	0	0	1	0	
80001732	01.04.2026	31.12.9999	0	0	0	0	1	2	1	0	1	
80001733	01.04.2026	31.12.9999	0	0	0	0	0	1	1	0	0	
80001734	01.04.2026	31.12.9999	0	0	0	0	1	1	2	1	0	
80001736	01.04.2026	31.12.9999	0	0	0	1	0	0	0	0	0	
80001737	01.04.2026	31.12.9999	0	0	0	0	1	2	4	1	0	
80001738	01.04.2026	31.12.9999	0	0	0	0	1	3	6	0	0	
80001739	01.04.2026	31.12.9999	0	0	0	0	1	5	1	0	1	
80001740	01.04.2026	31.12.9999	0	0	0	0	0	1	4	8	1	
80001741	01.04.2026	31.12.9999	0	0	0	0	1	3	2	2	0	
80001777	01.04.2026	31.12.9999	0	0	0	1	3	2	3	1	1	
80001802	01.04.2026	31.12.9999	0	0	0	0	1	3	2	1	0	
80001803	01.04.2026	31.12.9999	0	0	0	0	1	7	0	0	3	
80001804	01.04.2026	31.12.9999	0	0	0	0	1	4	1	0	5	
80001805	01.04.2026	31.12.9999	0	0	0	0	0	0	0	0	0	
80001829	01.04.2026	31.12.9999	0	0	0	1	3	2	0	0	0	
80001858	01.04.2026	31.12.9999	0	0	0	0	1	5	2	0	4	
80001859	01.04.2026	31.12.9999	0	0	0	0	1	3	2	1	0	
80001860	01.04.2026	31.12.9999	0	0	0	0	1	2	1	1	0	
80001878	01.04.2026	31.12.9999	0	0	0	1	0	0	0	0	28	
80001879	01.04.2026	31.12.9999	0	0	0	0	1	3	3	0	0	
80001880	01.04.2026	31.12.9999	0	0	0	0	1	4	2	0	0	
80001881	01.04.2026	31.12.9999	0	0	0	0	1	0	2	0	0	
80001882	01.04.2026	31.12.9999	0	0	0	0	1	1	2	0	0	
80001883	01.04.2026	31.12.9999	0	0	1	0	0	0	0	0	0	
80001885	01.04.2026	31.12.9999	0	0	1	1	9	4	1	0	0	
80001902	01.04.2026	31.12.9999	0	0	0	0	0	0	0	0	0	
80001927	01.04.2026	31.12.9999	0	0	0	0	1	1	0	0	0	
80001928	01.04.2026	31.12.9999	0	0	1	0	0	0	0	0	0	
80001929	01.04.2026	31.12.9999	0	0	0	1	2	2	3	1	1	
80001930	01.04.2026	31.12.9999	0	0	0	1	1	0	0	1	0	
80001931	01.04.2026	31.12.9999	0	0	0	0	1	3	1	0	0	
80001932	01.04.2026	31.12.9999	0	0	0	0	1	4	1	0	1	
80001933	01.04.2026	31.12.9999	0	0	0	0	1	1	1	1	0	
80001934	01.04.2026	31.12.9999	0	0	1	3	6	0	0	0	0	
80001953	01.04.2026	31.12.9999	0	0	0	1	0	0	0	0	6	
80001954	01.04.2026	31.12.9999	0	0	0	0	1	1	0	0	0	
80001955	01.04.2026	31.12.9999	0	0	0	0	1	3	0	0	0	
80001956	01.04.2026	31.12.9999	0	0	0	0	1	1	0	0	0	
80001957	01.04.2026	31.12.9999	0	0	0	0	2	2	0	0	0	
80001958	01.04.2026	31.12.9999	0	1	0	1	0	1	0	0	0	
80001960	01.04.2026	31.12.9999	0	0	0	0	0	0	0	0	0	
80001961	01.04.2026	31.12.9999	0	0	0	0	0	0	0	0	0	
80001962	01.04.2026	31.12.9999	0	0	0	0	0	0	0	0	0	
80001963	01.04.2026	31.12.9999	0	0	0	0	0	0	0	0	0	
80001967	01.04.2026	31.12.9999	0	0	0	1	5	10	2	1	1	
80001968	01.04.2026	31.12.9999	0	0	0	1	12	22	15	1	5	
80001969	01.04.2026	31.12.9999	0	0	0	0	0	0	0	0	0	
80001970	01.04.2026	31.12.9999	0	0	0	1	5	4	3	0	1	
80001971	01.04.2026	31.12.9999	0	0	0	0	0	0	0	0	0	
80001972	01.04.2026	31.12.9999	0	0	0	0	0	0	0	0	0	
80001978	01.04.2026	31.12.9999	0	0	0	0	1	0	0	0	0	
80002002	01.04.2026	31.12.9999	0	0	0	1	0	0	0	0	0	
80002003	01.04.2026	31.12.9999	0	0	0	0	0	0	0	0	0	
80002004	01.04.2026	31.12.9999	0	0	0	0	0	0	0	0	0	
80002005	01.04.2026	31.12.9999	0	0	0	0	0	0	0	0	0	
80002027	01.04.2026	31.12.9999	0	0	0	0	4	0	0	0	1	
80002028	01.04.2026	31.12.9999	0	0	0	0	0	0	0	0	0	
80002029	01.04.2026	31.12.9999	0	0	0	0	0	0	0	0	0	
80002030	01.04.2026	31.12.9999	0	0	0	0	0	0	0	0	0	
80002031	01.04.2026	31.12.9999	0	0	0	0	0	0	0	0	0	
80002032	01.04.2026	31.12.9999	0	0	0	0	1	1	1	0	0	
80002033	01.04.2026	31.12.9999	0	0	0	1	4	5	0	0	0	
80002052	01.04.2026	31.12.9999	0	0	0	0	3	0	0	0	0	
80002077	01.04.2026	31.12.9999	0	0	0	0	0	0	0	0	0	
80002078	01.04.2026	31.12.9999	0	0	1	0	0	0	0	0	0	
80002079	01.04.2026	31.12.9999	0	0	0	0	1	2	1	3	0	
80002080	01.04.2026	31.12.9999	0	0	0	0	1	4	2	0	0	
80002081	01.04.2026	31.12.9999	0	0	0	0	0	1	2	0	0	
80002082	01.04.2026	31.12.9999	0	0	0	0	0	1	2	0	0	
80002083	01.04.2026	31.12.9999	0	0	0	0	0	1	2	0	0	
80002084	01.04.2026	31.12.9999	0	0	0	0	0	1	2	0	0	
80002085	01.04.2026	31.12.9999	0	0	0	0	0	0	0	0	0	
80002086	01.04.2026	31.12.9999	0	1	0	2	3	3	0	2	3	
80002087	01.04.2026	31.12.9999	0	0	0	1	3	3	2	0	2	
80002088	01.04.2026	31.12.9999	0	0	0	1	3	3	1	0	0	
80002089	01.04.2026	31.12.9999	0	0	0	1	2	3	1	1	0	
80002092	01.04.2026	31.12.9999	0	0	0	0	1	3	6	2	0	
80002093	01.04.2026	31.12.9999	0	0	0	1	2	4	3	1	0	
80002094	01.04.2026	31.12.9999	0	0	0	0	1	4	2	1	0	
80002095	01.04.2026	31.12.9999	0	0	0	0	1	6	3	2	0	
80002096	01.04.2026	31.12.9999	0	0	0	0	1	1	1	0	0	
80002097	01.04.2026	31.12.9999	0	0	0	0	0	1	1	0	0	
80002098	01.04.2026	31.12.9999	0	0	0	0	0	1	1	0	0	
80002099	01.04.2026	31.12.9999	0	0	0	0	0	1	1	0	0	
80002100	01.04.2026	31.12.9999	0	0	0	0	0	1	1	0	0	
80002101	01.04.2026	31.12.9999	0	0	0	0	1	2	1	2	0	
80002127	01.04.2026	31.12.9999	0	0	0	1	3	6	2	0	1	
80002128	01.04.2026	31.12.9999	0	0	0	1	4	8	0	0	2	
80002129	01.04.2026	31.12.9999	0	0	0	1	3	6	2	0	3	
80002155	01.04.2026	31.12.9999	0	0	0	0	0	3	0	0	0	
80002156	01.04.2026	31.12.9999	0	0	0	0	1	0	0	0	0	
80002157	01.04.2026	31.12.9999	0	0	0	0	1	2	2	0	3	
80002158	01.04.2026	31.12.9999	0	0	0	0	0	0	0	0	0	
80002159	01.04.2026	31.12.9999	0	0	0	0	1	0	0	0	0	
80002160	01.04.2026	31.12.9999	0	0	0	0	2	1	0	0	0	
80002161	01.04.2026	31.12.9999	0	0	0	0	0	0	0	0	0	
80002162	01.04.2026	31.12.9999	0	0	1	0	0	0	0	1	0	
80002163	01.04.2026	31.12.9999	0	0	0	1	0	0	0	1	0	
80002164	01.04.2026	31.12.9999	0	0	0	0	1	2	0	0	0	
80002165	01.04.2026	31.12.9999	0	0	0	0	1	2	1	0	0	
80002166	01.04.2026	31.12.9999	0	0	0	1	0	0	0	1	0	
80002167	01.04.2026	31.12.9999	0	0	0	0	1	1	1	0	0	
80002168	01.04.2026	31.12.9999	0	0	0	0	1	1	1	0	0	
80002169	01.04.2026	31.12.9999	0	0	0	0	1	4	4	0	0	
80002177	01.04.2026	31.12.9999	0	1	0	1	2	1	0	0	1	
80002178	01.04.2026	31.12.9999	0	0	0	1	4	10	2	1	1	
80002179	01.04.2026	31.12.9999	0	0	1	0	0	0	0	1	0	
80002180	01.04.2026	31.12.9999	0	0	0	1	3	4	2	1	0	
80002181	01.04.2026	31.12.9999	0	0	0	1	3	3	2	1	0	
80002182	01.04.2026	31.12.9999	0	0	0	1	9	13	6	0	59	
80002183	01.04.2026	31.12.9999	0	0	0	0	0	0	0	0	0	
80002184	01.04.2026	31.12.9999	0	0	0	0	0	0	0	0	0	
80002185	01.04.2026	31.12.9999	0	0	0	0	0	0	0	0	0	
80002186	01.04.2026	31.12.9999	0	0	0	0	1	4	4	0	14	
80002187	01.04.2026	31.12.9999	0	0	1	0	0	0	0	1	0	
80002188	01.04.2026	31.12.9999	0	0	0	1	5	5	0	1	1	
80002189	01.04.2026	31.12.9999	0	0	0	1	0	0	0	1	0	
80002191	01.04.2026	31.12.9999	0	1	0	2	5	6	2	1	0	
80002192	01.04.2026	31.12.9999	0	1	0	0	0	1	0	0	0	
80002193	01.04.2026	31.12.9999	0	0	0	1	0	0	0	0	1	
80002194	01.04.2026	31.12.9999	0	0	0	1	2	2	0	0	0	
80002202	01.04.2026	31.12.9999	0	0	0	0	1	2	0	0	0	
80002203	01.04.2026	31.12.9999	0	0	0	0	1	2	0	0	0	
80002204	01.04.2026	31.12.9999	0	0	0	0	1	2	0	0	0	
80002205	01.04.2026	31.12.9999	0	0	0	1	0	0	0	1	0	
80002206	01.04.2026	31.12.9999	0	0	0	1	0	0	0	1	0	
80002207	01.04.2026	31.12.9999	0	0	0	0	1	1	3	1	0	
80002208	01.04.2026	31.12.9999	0	0	0	0	1	3	1	1	1	
80002209	01.04.2026	31.12.9999	0	0	0	0	1	2	1	1	0	
80002210	01.04.2026	31.12.9999	0	0	0	0	1	2	1	0	0	
80002211	01.04.2026	31.12.9999	0	0	0	0	1	2	1	5	1	
80002212	01.04.2026	31.12.9999	0	0	0	0	1	1	0	0	0	
80002213	01.04.2026	31.12.9999	0	0	0	1	1	1	0	0	3	
80002227	01.04.2026	31.12.9999	0	0	1	0	0	0	0	0	0	
80002228	01.04.2026	31.12.9999	0	0	0	1	1	5	1	1	0	
80002229	01.04.2026	31.12.9999	0	0	0	1	3	4	0	1	5	
80002230	01.04.2026	31.12.9999	0	0	0	1	3	5	0	1	1	
81000000	01.04.2026	31.12.9999	0	0	0	1	3	17	4	6	2	
81000001	01.04.2026	31.12.9999	0	0	0	1	3	8	4	1	1	
81000002	01.04.2026	31.12.9999	0	0	0	1	2	3	1	1	0	
81000003	01.04.2026	31.12.9999	0	0	0	0	0	0	0	0	0	
81000025	01.04.2026	31.12.9999	0	0	0	0	1	2	2	0	0	
81000026	01.04.2026	31.12.9999	0	0	0	0	0	0	0	0	0	